word,frequency
nqδт,1
ακινητος,1
αат,1
δυναμη,1
κυβερνητης,1
συμφορητος,1
ааааааааааааааабть,1
абруццский,1
абсентеизм,7
абсентеист,2
абсова,1
абсолютн,1
абстракционизм,10
абсурдизм,1
абсциссоя,1
авансировать,1
авантюристичность,1
авантюристичный,1
авафелий,1
авдаковы,2
аверченковский,1
авиаатака,1
авиакорпус,1
авиамоделист,1
авианалет,1
авиаракетокосмический,1
авиаракетостроение,1
аврикаанс,1
авров,1
австр,1
австровенгерский,1
автаркия,3
автозначение,1
автокола,1
автоколебание,4
автоколебательный,10
автоконцерн,1
автократ,1
автократический,1
автомобилестроитель,1
автоподбор,2
автопроизводитель,2
автопромышленник,1
автоузел,1
автофокус,1
автоформа,1
авый,1
агитка,3
агитпоезд,1
агитфарфор,1
агломерационный,11
агнить,1
аговть,1
агробиолог,1
агрогеография,1
агрогород,2
агроиндустриальный,1
агросырьевой,1
агротуризм,1
агрохолдинг,2
агсз,2
агсзт,1
агсзтх,2
агсзхп,3
агсзш,2
агсзшха,2
агсзшхб,1
агсс,1
агссозха,2
адамизм,3
адаптируемость,1
адища,2
аеат,1
азефовщина,1
азийский,1
азин,1
азропорт,1
азт,2
азш,2
азштф,1
аиболее,1
аитипараллельный,1
айдахо,1
айкидок,1
айсор,2
академичный,1
акать,1
акино,1
акитен,2
акмеистический,3
акмеистский,1
акнмат,1
акробатика,1
аксиология,1
аксонометрический,1
активизм,1
актор,4
актуализация,1
акционировать,2
акционный,1
аламейный,1
алгорифм,1
алгорифма,6
алеаторика,2
аллитерирование,1
аллитерированность,1
аллювиальный,2
алогизм,1
алогично,1
альнико,1
альтерглобалист,1
альтернативность,3
альтист,1
альчидо,2
американоцентризм,1
америций,1
амперный,3
ампеццо,1
амурстать,1
амхара,1
аналитика,1
анархичный,1
анафорический,1
англофранцузский,2
андеграунд,2
анджелесский,1
андроменид,1
анжамбеман,1
анкоридж,1
анни,1
аннулироваться,1
анреп,2
анреповский,1
антагонистический,1
антиалкогольный,1
антиамериканизм,1
антиамериканский,10
антибарион,2
антибюрократизм,1
антивешество,1
антигелий,2
антигерманский,1
антиглобализм,2
антиглобалистский,3
антигосударственность,1
антигосударство,1
антидейтерий,1
антидемократизм,1
антидемократически,1
антидиктаторский,1
антидуховность,1
антиевропейский,1
антизападный,1
антизеленый,7
антиидеал,1
антиимпериалист,1
антикварк,17
антиклерикальный,1
антикоммунизм,3
антикражевой,2
антикрасный,3
антикризисный,5
антилептон,6
антимезон,1
антимонополистический,1
антинародность,1
антинациональный,3
антинацистский,1
антинуклон,3
антинуклонный,1
антип,1
антипартийный,4
антипион,1
антипоэтичный,1
антирасиутинский,1
антирелигиозность,1
антиреспубликанский,1
антиромантичный,1
антисектантский,1
антисимволистский,1
антисиний,8
антисоветизм,1
антисоциалистический,1
антисоциальный,1
антитехнология,1
антитоталитаризм,1
антитритие,1
антиутопичный,1
антифрикционный,1
антицвет,12
антицветной,2
антиэлектрон,2
антиэстетический,1
антиэстетичный,2
антропоморфизм,1
антынейтрино,1
аовить,1
апазоп,1
апатрид,1
апеллирование,1
апертуризм,1
апефаза,1
апокалиптизм,1
аполлов,1
аполлонический,1
апробировать,1
апробироваться,1
арасна,1
арватовый,1
аргунский,1
арег,1
арендоваться,1
арестный,1
аридность,1
арнаутский,1
арне,1
арреа,3
архиреволюционный,1
асимптом,1
асимптотический,17
асоз,4
асоциальный,1
ассербог,1
ассереть,1
ассонансный,1
астероийд,1
астор,1
астрофизический,1
асуанский,1
аськина,3
атав,1
атай,1
атмоефа,1
атшмоса,1
аудиокодек,2
аурарра,1
аутсортинг,1
афри,1
афроазиатский,1
афроцентризм,2
ахг,2
ахернары,1
ахс,2
ахъ,1
ахьпа,1
ашиль,1
аэрогидродинамика,1
аюнит,1
аятолл,1
бабосова,1
бадольо,2
бакибол,1
бакпульвера,1
бакунинский,1
балагурство,1
баланчин,2
балтрушайтис,1
бальмонтовский,2
бангладешский,1
бандунгский,1
банкнотный,1
банско,1
баотоу,2
баптистский,1
барийиттриев,1
барион,36
барионный,23
барранкиль,1
барток,1
басисто,1
баськина,2
баура,1
баухауз,1
бахтиара,1
бблынуть,1
бблыпай,1
бблышать,1
ббльший,4
ббльшуя,2
бедовать,1
беженский,1
бездейственность,2
безлетный,1
безлицый,1
безлюбый,1
безмассовый,6
безмузыкальный,2
безнациональный,1
безобразовец,1
безобразовый,1
безосновательно,2
безосновательный,1
безрелигиозность,1
безъязыкий,1
безыменский,1
безынерционный,1
беккета,2
беловодье,1
белуджи,3
бельжец,1
белютина,2
бендер,1
бендеры,1
бендит,1
бениславский,2
бербанка,1
берклый,1
берлингуэр,1
берлинец,1
бертиль,2
беседный,1
бескомпромиссно,1
бесконкурсный,1
бескрасочный,1
бескризисный,1
беспашенный,4
бесперебойность,1
беспредметность,2
беспроблемный,1
беспутье,1
бессовестность,1
бесшовный,1
бизония,1
билдинга,1
биографически,1
бипризма,4
бирманец,1
битломаный,1
битник,5
битрейт,5
бихарец,1
ближайптый,1
блоковед,1
блоковеда,1
блоковск,2
боблов,3
богатырка,1
богоборчество,1
богоискательство,1
богот,2
богуша,1
боденский,2
бодраный,1
боеголовка,9
боливарианский,1
боливариец,1
болынуть,2
болыпинство,1
болыш,3
болыша,1
болышать,1
болышпый,1
болышцинство,1
больитинство,1
больптинство,1
больтой,1
большинст,1
болярина,1
бомбарый,1
борев,1
бория,1
борцовский,2
босваш,4
бостонный,1
бразерс,1
братоубиство,1
бредфорло,1
брежневский,1
брендинг,2
брендовый,2
бреслау,1
брокерский,1
брпл,1
брукс,1
брумель,1
брунжа,1
брюквенный,1
брюсовский,1
брянщина,1
бсовазт,1
бсоз,1
бсозавт,1
бтр,1
буабодраный,2
будетлянин,2
будеть,1
будуарный,1
бужденной,1
буйба,1
букинистический,1
булгаковщина,1
булдыжник,1
булезть,1
буллит,2
бумаготворчество,1
бундесвер,1
бунжать,1
бунинск,1
бунтарски,1
бухаринский,2
бхг,1
быетрый,1
быстровращающийся,2
быстроменяющийся,1
быстроразвиваюшийся,1
быстроразмножающийся,1
бытийный,1
бытописательство,1
бэньсить,1
бэтсоном,1
бюрократизировать,1
бюстгальтер,1
ваааавааарррррррррра,1
вадгоза,1
важнейптие,1
вайаном,1
вакладываться,1
вакуумированный,2
вакцинирование,1
вандербильт,1
ванюшина,1
вапп,1
варшавянин,1
васильев,1
васильковский,1
васильсковский,1
вастрономия,1
ваучерный,2
вва,2
вдвигание,1
веадпик,1
веблен,1
вебсайт,1
вебсервер,1
вебсценарий,1
вев,1
вединство,1
везунчик,1
векто,1
велиар,1
велигорский,1
великогерманский,1
велипа,1
величайщий,1
венгеро,1
вентурить,1
венчурный,2
вео,1
верификация,3
вернона,3
вероп,1
верпуля,1
весничий,1
веспеть,1
вестерн,1
ветскай,1
ветствуть,1
ветцество,1
вешцество,1
вживание,2
вживляться,1
взаимноблаготворительный,1
взаимовыгодность,1
взаимозаменимый,1
взаимообогащать,2
взаимообусловленность,1
взаимопересекаться,1
взаимопогашать,1
взаимопревращаемость,2
взаимопревращаться,2
взаиморасчет,1
взаимосвязывать,1
взаимоуважительный,1
взбушевать,1
взвептивать,1
взорваля,1
взорим,1
взр,1
взрывный,1
взрывообразный,1
взрывчатость,1
видеоарт,1
видеозвонок,1
видеоискусство,2
видеокодек,2
видеопродукция,2
видеопрокат,1
видеотехника,1
видеотур,1
видкун,1
виноватость,1
вип,1
висконтить,3
витватерсранд,1
вихоо,1
вихрево,1
вишистский,1
вкл,1
вклейк,12
вклейя,1
вкусность,1
властишок,1
вмхха,1
вневедомственный,1
внедоговорный,3
внедренческий,1
внеклассовый,1
внелитературный,1
внеличностный,1
внелтный,1
внеоктябрьский,2
внеофициальный,1
внепарламентский,2
внепенить,1
внеплановый,1
внесемейный,2
внешмоэкономический,1
внеэмоциональный,1
внутриевропейский,1
внутризвездный,1
внутриотраслевой,2
внутрипереместить,1
внутрирегиональный,6
внутриэтнический,3
вовлеченноеть,1
водоресурс,1
водоресурсный,1
военком,1
военнохозяйственный,1
воздушк,1
возникнивение,1
возникнов,1
войницкий,1
вокалист,1
волей,1
волеполк,1
волошинск,1
вольво,1
вольтамперный,8
вольшевик,1
волюнтаризм,1
вооружейный,1
воронков,1
восновный,1
восточноевропеец,1
восьмиголовый,1
восьмикратный,1
восьмилетие,1
восьмилетка,1
воттом,1
вотум,2
вочеловечиться,2
впечатывание,1
впечатываться,1
впра,1
врацательный,1
врьврать,1
всеамериканский,1
всевидение,1
всегерманский,1
всеобуч,1
всепланетарный,2
всеуничтожение,1
всехха,1
всостав,2
всреда,1
всрп,1
втосо,3
вуденной,1
вулворт,1
вхпо,1
вчувствование,1
вша,1
вшср,1
выводимость,1
вывс,1
выгромить,1
выгрустить,1
выдвигание,2
вызвавитие,1
выйный,1
выкипячивать,1
выламывание,2
выломиться,1
вымчать,1
выплакиваться,2
выплескивание,1
выреветь,1
высокобюджетный,1
высокопосталенный,1
высокоталантливый,1
высокоурбанизовать,1
высокоценимый,1
выстонать,1
вытегорский,1
вытрясть,1
вычертать,1
вычитываться,1
вышедттый,1
вышибание,1
вьетконговец,2
вьетмин,1
вьетнамизация,2
вьит,1
вэлли,1
габриак,3
гаваец,2
гагаринский,1
гажевский,1
газодинамический,1
галактикос,1
галлиполийский,2
гальвакс,2
гальваностегия,6
гамбринус,1
гант,1
гарбо,1
гарелин,1
гармонизироваться,1
гармонный,1
гасвиза,1
гаспери,10
гватемалец,1
гватемальский,2
гвыделять,1
ггодверчиться,1
гдеа,1
гдег,2
гдер,1
гдсозф,1
гевар,5
гегемонистический,1
гедель,1
гедом,1
гезопапт,1
гелиоэнергетика,1
гелла,1
гельвеций,1
гельдерлина,1
геногеографить,1
геоглобалистик,3
географичный,1
георгиу,1
геоцентриче,1
герапатит,1
германизм,1
героичный,1
герцшпрунг,1
гетевский,1
гетьманство,1
гзт,1
гзшср,1
гзшф,2
гибельность,1
гидрокарбонатный,1
гийяр,1
гил,1
гилейц,1
гиляцый,1
гиперболизированный,2
гиперболизм,1
гиперболизовать,1
гипергеометрический,5
гиперон,5
гиперреализм,1
гистерезис,7
гия,1
главначпупс,1
глашение,1
глобализировать,1
глобализм,1
глобализующийся,1
глобалист,1
глобалистик,1
глобалистика,1
глушение,2
гмлха,1
годесбергский,2
голанский,3
голлизм,3
голлист,2
голозерный,1
голуботусклый,1
голызина,1
гольштейн,1
гоминдан,10
гоминдановец,1
гоминьдан,4
гомосексуалист,1
гомотетия,3
гомулка,2
гонд,1
гондло,1
гонорный,1
горбатить,3
горлан,3
горьковск,1
госбюджет,1
госзаказ,2
госорган,1
госпоставка,1
госпредприятие,2
госсектор,1
госслужба,10
госхранилище,1
гофмансталь,1
грабижка,1
градоозеленение,1
градоправление,1
грандиос,1
грануляция,4
графовый,1
гребенщик,1
грезилище,1
грезитва,1
грезофарс,4
грезэрки,1
грешность,1
гримировать,1
громадья,1
гронский,3
грузность,1
группирование,1
грымзик,1
грэй,3
гсать,1
гта,1
гуадать,1
гуро,2
гусекрада,1
гыс,1
гэлбрейт,1
дадаизм,5
дадаист,5
даллеса,1
дальнейитый,1
дальша,1
данлоп,1
дансковать,1
данциго,1
даог,1
датч,1
двадцативосьмилетний,1
двадцатипятитысячник,1
двадцатисемилетний,1
двивидимый,1
двигателестроение,1
движенческий,2
двоемирий,1
двойствен,1
двуголосие,2
двусвязный,3
двуспиральный,1
двутавр,1
двухбайтный,1
двухбитный,1
двухлетие,1
двухмерность,1
двухполупериодный,2
двухполюсный,1
двухпроводной,1
двухсотмиллиардный,1
двухчастное,1
двухэлектродный,3
дге,1
девальвировать,3
девиантный,1
дегенерат,1
дедовщина,2
деж,1
дезинтегративный,1
дезинтеграция,4
дезодорирование,1
дезориентировать,1
деиндустриализация,4
дейст,1
дейтерид,2
дейтонский,2
дейтрон,5
декадент,6
декадентский,10
декадентство,6
декамерон,1
декартелизация,3
декларирование,2
деконструктивизм,1
деконструктивист,1
декораторский,1
делегироваться,1
демассификация,1
демеркуризация,1
демократичсский,1
демонтаж,9
демонтироваться,1
денационализировать,1
дендрограмм,17
дендрограмма,4
дениц,1
денице,1
деноминация,1
денормализация,1
денсатор,1
деперсонализация,1
державно,1
державность,2
дерзаться,1
десантировалиться,1
десаррольизм,1
дессать,1
дестабилизироваться,1
десталинизация,4
десятиподъездный,1
десятстеклянный,1
детектироваться,1
детско,1
деурбанизация,1
деформированность,1
дехкан,1
децентрализовать,2
дешеевыя,1
деятелышсть,1
деятельностъ,1
джейхан,1
джерримендеринг,9
джинсом,1
джоулевый,2
дзен,1
диалогизм,1
диалогичный,1
диамагнетизм,3
диамагнетик,11
диамагнитный,1
диационный,1
диверсифицировать,7
дизельгенератор,1
дизельэлектроход,1
диковато,1
дилетанщина,1
димитровый,1
динамовец,2
дината,1
дирижироваться,1
дировка,1
дискуссироваться,1
дислоцированный,1
диспетчерский,1
диссонировать,1
дификация,1
дифференцированно,1
дифференцируемость,2
дица,1
длиннофокусный,2
длтво,1
дневниковость,2
днепропетровский,1
довес,1
догматизм,1
додумывание,1
дозволенность,1
доитель,2
доколониальный,1
докрикиваться,1
докритический,1
доктринерский,1
документалистика,1
документный,4
долговременность,2
долгосрочнный,1
долларовый,1
дольник,3
допечатывать,1
допуса,1
дордонь,1
дортмундский,1
доскональный,1
досоздать,1
дотационный,1
дотирование,1
дпо,1
дпьэ,1
драконша,1
драматизация,1
драматизироваться,2
драматургичность,1
дрзнуть,1
дрот,1
дсдный,1
дуант,9
дуанто,1
дубчек,7
дудинский,1
дудор,1
дуз,1
дунганин,1
дурновка,3
духовнонравственный,1
душеустройство,1
дхх,1
дырд,1
дьть,5
дюверже,1
дюнаном,1
дюнкеркский,2
еахпха,1
ебх,1
еверхновый,1
евклидовый,1
евратом,1
еврейско,1
евроатлантический,1
евроатом,2
еврозона,1
еврокоммунизм,3
еврокоммунист,1
еврокоммунистический,1
евроконституция,1
европахнуть,1
европеизм,2
еврорайон,2
евроракетный,1
евротуннель,1
едимомент,1
единичность,1
единочувствие,1
едователо,1
ееа,2
ееий,1
еель,1
ежиматься,1
ежовщина,2
езаписываться,1
емат,3
емз,1
емочь,1
еоег,1
еоогвечь,1
епх,1
ереход,1
ерничать,1
ертн,1
ерфоз,1
есв,2
есениноведение,1
есенинск,1
естественник,1
есукэ,1
етехт,2
етров,1
еуказать,1
ехх,1
жаббнуть,1
жаботинский,1
жасминовый,1
желатиновый,1
женность,1
женоклуб,1
жестоковыйный,1
живковы,1
живописание,1
жизнеощущение,10
жизнепорядок,1
жизнетворчество,1
жизнеустройство,1
жинный,1
житинкина,1
жономик,1
забегание,1
заблаговременный,1
завуалировать,1
завышаться,1
загрузиться,1
задействование,1
зазимок,1
закарпатие,2
закорикина,1
залохматеть,1
замутненность,1
заниженность,1
заорганизованность,1
западнобелорусский,1
западногерманский,4
запечатляться,1
записанный,1
заплачка,1
запросзаказ,3
запросзарплата,1
запроско,1
запроскоплата,1
запросочок,2
запрудский,1
зарысить,1
засветка,3
засекречиваться,1
застройщик,2
застылость,1
зательный,1
заумный,5
заумь,3
зауэра,2
заш,1
звездность,1
зворычный,1
звуковоспроизводящий,1
здравомысел,1
зегерс,1
зеленожелтый,1
землеинтенсивный,1
зеттабайт,1
ззт,1
ззтх,1
ззшха,2
зиап,2
зийский,1
зимплоно,1
зиновьевский,1
зкономпческнх,1
златолобый,1
златополдень,1
златоустый,1
злектрон,1
злоупотребение,1
знакопеременный,1
знейтрончик,1
золотописьмо,1
зондаж,1
зпкра,1
зпоха,1
зрительность,1
зсоз,5
зсоззха,1
зсозха,1
зтзха,1
зтл,1
зто,2
зтх,8
зхгха,1
зхп,3
зхпбха,1
зхпф,1
зхпха,5
зхуга,1
зша,2
зшба,2
зшелопах,1
зшф,2
зшх,12
зшхсозха,1
зэлектронный,1
иах,1
иберийско,1
ивантеевский,1
ивета,1
игбый,1
игромания,1
идельный,1
идеократия,1
идеологизация,2
идеологизированный,2
идеолого,2
идиотство,1
иепарение,1
иерархизировать,1
иерархизм,1
иждивенческий,1
изваянность,1
извольский,1
изий,1
излуч,2
излучень,2
измельчиться,1
изменной,1
изнеможденный,1
изоляционизм,3
изоляционист,1
изотопический,4
изр,1
изымания,2
иидзима,3
иидонезия,1
илазменный,1
илиеска,1
иликатион,1
иллюстративность,1
илъф,1
имажа,1
имажинистский,1
имекиций,1
иметровый,1
иммигрировать,1
импортзаменять,1
импортозаменять,1
импортозамещение,1
импрессионистский,3
инакостя,1
инвайронмент,3
инвариант,28
инверсный,7
ингмара,1
индать,1
индексатор,1
индук,2
индустриализированный,1
индустриализоваться,1
индуцирование,1
ининеитиые,1
инининния,1
иници,1
инкапсуляция,12
иносказатель,1
институционализация,1
интегрирование,6
интегрированность,1
интененвность,1
интерактив,1
интернировать,1
интерполяция,6
интертекстуальность,2
интерферометр,3
интр,1
интрасоциетальный,2
интшут,1
инфиксный,4
инфляционный,6
инфо,1
информационнокоммуникационный,1
иодль,1
ионизоваться,2
ионизя,1
ионность,1
ионыкать,1
иос,1
иофана,1
иргун,1
ирелятивистский,1
ировать,1
иррационалистический,1
ирреальность,1
искажеиие,1
исламизм,2
исламист,1
исламистский,2
испаноязычиый,1
испаноязычный,3
исполь,1
использунуга,1
использювание,1
испус,1
истечникнуть,1
истоу,1
исцеляющий,1
исюрик,1
итайп,2
итэр,1
ихчастота,1
ицттво,1
йеле,1
йодоводород,1
йпх,1
йух,1
йышшо,1
кавшийся,1
кадрировать,2
казарменность,1
кайзеровский,1
каланчевский,1
калатоз,4
калифорний,1
калифствовать,1
каляк,1
камерность,2
камильо,1
камюр,1
канадско,1
канары,1
кането,1
каннский,1
кантария,1
канто,1
канчель,1
капиталоемкий,4
капитать,1
капоретто,2
каптерев,1
карагандинский,2
караманлис,4
карбайд,1
карбонатиоп,1
карборундовый,1
кардиология,1
кардиохирург,1
кардридер,1
карзать,2
карлайл,2
каров,1
каройя,1
карсский,1
картузник,3
касторпон,1
катарсис,2
катастрофизм,3
катафот,1
като,1
катодолюминесценция,5
катыни,1
катынь,1
каук,1
кация,1
квадра,1
квазизвездный,2
квалифицироваться,2
квама,1
квантоваться,7
кваркас,1
кваркова,3
кварковый,5
квартовый,3
квасовар,1
квасьневский,1
квотировать,1
кевлар,1
кейдж,1
кейнсианский,4
кемалист,1
кемаля,2
кемикл,2
керенский,1
керженский,1
керуак,2
керуака,2
кессельринг,1
кеу,6
кеура,14
кибальник,1
киббуц,1
кикусать,1
киновнушение,1
киногреза,1
кинодеятель,1
киноперсонаж,1
кинопредприниматель,1
кинопроизводство,2
кинопрокат,2
кинофабрика,1
киношедевр,1
киношкола,1
кисловодский,1
киссинджер,4
китема,1
ккв,1
ккл,1
клайдсайда,1
кланово,1
клановость,1
кларизм,2
классова,1
классообразовать,1
клерикальный,1
клиентизм,1
климовка,1
клиринговый,1
кллд,1
клэш,1
клячина,1
кнессет,1
коауил,1
кобо,2
кобылинский,3
ковариация,22
ковбойский,1
ковио,1
ковскай,1
когерентность,20
когерентный,69
кодда,3
коддом,2
кожсырье,1
койперовский,1
кокаиновый,1
коковец,1
колеб,1
колебао,1
колкат,3
коллапсировать,1
колониалистский,1
колониальносырьев,1
колумбиец,1
командирование,1
комбинатор,1
коминформбюро,1
комиссарский,1
коммандант,1
коммуницание,1
компрадорский,1
компрадорство,1
компромиссность,1
комптоновский,6
комфортабельность,1
комчванство,1
конармеец,1
конвертация,1
конквистадор,2
конквистадорство,1
конкурентность,1
консервативность,1
конспиративность,1
конструктивист,6
конструктивистский,1
контрвопрос,1
контрпереворот,1
контрпропаганда,1
контрпропагандистский,1
контрреволюционность,1
контрэлита,3
конформист,1
конформность,1
конформный,1
конфронтационный,1
концепт,1
концептуализироваться,1
концептуализм,2
коор,1
кооцохоущий,1
копакабан,2
копарафин,1
коплата,2
коплатп,1
копференция,1
кордебалет,1
корниловщина,1
короткодействие,1
короткофокусный,8
коррелированный,1
коррупционный,1
кортина,1
косинусный,1
космизм,3
космистовый,1
космичекий,1
космичен,1
космополитический,1
косовский,4
костров,2
котельнический,1
котовский,1
котром,1
кочегарка,1
кошечкина,2
коэрцитивный,5
кпк,4
красивейшин,1
краснов,1
красногвардейский,2
краснопевец,1
краснофлаг,1
красотинец,1
крейд,1
кремнийорганический,1
кризисность,2
крикогубый,1
криминал,5
криминалитет,3
криминолог,3
кристаллер,14
критическойра,1
криухо,2
криушан,4
кромампа,1
кроссбрауверность,1
кроссбраузерностыый,1
кроссбраузерность,2
круговин,1
крупнейптие,1
крупногородский,1
крупносерийный,1
крупнымма,1
крупозный,1
крускал,4
крылатость,3
крылышкуй,2
крымчанин,1
ксимвол,1
кубофутуризм,3
кубофутурист,5
кузнецовский,1
кукрыиикс,1
кулоновск,1
культзфпый,1
культуротворческий,1
куперовский,8
купница,2
кусик,1
кутаисский,2
куусиненый,2
кучность,1
кхкккхкк,1
кхкхкккхкк,1
кьк,1
кэв,2
кэмп,1
кэр,1
кюрый,1
кязима,1
лабиринтность,1
лабляться,1
лабутить,3
лабуть,1
лавинный,2
ладомиро,2
лазть,1
лакр,1
ламинировать,2
лановый,1
латифуидия,1
латром,1
латуковый,1
лаунгарда,1
лахтинский,1
лвие,2
лвкм,1
лебаний,1
левацкий,1
левачество,1
левид,1
леворадикальный,4
левшинский,1
левьель,1
легализироваться,1
легализоваться,1
лейборизм,2
лейленд,2
леман,1
леон,1
лептонна,3
лептонный,20
лесовосстановление,1
лесопереработка,1
лесоразработка,3
леф,8
лефовец,1
лефовца,1
лжесвобода,1
либби,2
либединский,1
либеральнейший,1
либидо,1
лиеп,1
лиепай,3
лииза,1
ликвидаторство,1
линдер,1
линимент,1
линть,1
липгарт,1
листз,1
листницкий,9
листригон,2
литературиый,1
литтло,1
лифарить,1
лмах,1
лоббизм,1
лоббирование,1
лоббироваться,1
лоббист,2
логарифмирование,2
логтаб,1
логун,1
лодзь,2
лоидный,1
локальность,1
локарнский,2
локационный,1
лолейта,1
лолль,1
ломилица,1
лоуренсий,1
лофтинг,1
лпвпс,1
лтпть,1
лубковый,1
лувено,1
лукино,2
лумумба,1
льноводческий,1
льоса,1
любимовский,1
людняк,1
люмпенизация,1
люпенить,1
лютвица,1
лядинна,1
лярый,1
маастрихта,1
магнитожесткий,5
магнитомягкий,6
магнитоэлектрический,18
мадридский,1
маес,1
мазер,1
мазовецкий,1
макдоналдизация,1
маккартень,2
маккартизм,4
макроопределение,1
макросоциальный,1
максималистский,1
максималя,1
максимизировать,1
малайско,1
маловлиятельный,1
малокартиние,1
малокартинья,1
малокомпетентный,3
малообразованность,1
малорезультативный,1
малособытийный,1
малотоварный,1
малоэкономичный,1
малышкина,1
мальтузианство,2
маляк,1
мамонтый,1
мангра,1
манделый,1
мандесть,1
мандолинит,1
маниакальный,1
манильский,1
маниок,2
манор,1
мануйлихо,1
мануйлихой,1
манхаттать,1
манхейм,1
маоистский,1
мапп,1
маргинальность,1
мариама,1
марикура,2
маринетти,4
марксистски,2
марксистско,2
маркун,1
марный,1
марсейсайда,1
маруся,3
маршаллизовать,1
маслоделательный,1
массификация,1
матнм,1
матрешечный,1
махо,2
махфуз,1
мацуесть,1
маякина,6
маяковизм,1
мбрра,2
мвовать,2
мвовш,1
мгн,6
мгц,1
меак,1
мегалополис,17
мегамасштаб,2
мегапарсек,1
мегаструктура,4
мегатонна,2
медведицкий,1
медиаконтроль,1
медикэйд,1
медикэр,1
меднорожий,1
медун,1
межбанковский,1
межгражданский,1
межобщинный,3
межорбитальный,1
межостровной,1
межпарламентский,2
межпоселенческий,1
межсоюзнический,1
мейманом,2
мейтнерия,1
меламид,1
мелеховский,1
мелодраматичный,1
мелочинный,1
мелтай,1
менгистый,1
менделеевский,1
мендельсон,1
менникнуть,1
ментаять,1
менып,1
меныпим,1
меныш,6
менышать,1
меньит,1
меньша,1
меньшевизм,1
меркантилист,4
меркасура,2
меркосура,2
метаданные,2
металлист,1
металлопластиковый,1
металлосиликатный,1
метастабильный,7
метафорика,1
метаялическа,1
метельность,1
метрополитенский,4
метрополитенским,1
метропольной,1
мехикать,1
мечтежник,1
мещение,1
микаэлян,1
миколайчик,3
микрогеография,4
микроголовка,2
микрогосударство,1
микроколлектив,1
микронезиец,2
микроопыт,2
микропространство,1
микросекун,1
микросюжет,1
микроток,3
милитаристкий,1
милитаристско,1
милич,1
милюков,1
мимино,1
минимализм,3
минифундия,2
минц,1
миньонет,1
миражный,1
миропольский,1
миротворчество,1
мистифицировать,1
мистичность,1
митинговать,1
мифологизм,1
мифологически,1
мифологичность,1
мифопоэтический,2
мишаткий,1
мишук,1
мкгна,2
мккк,2
мкклый,4
младосимволист,1
мли,1
млоно,1
ммсить,1
многоадресный,1
многоаспектность,1
многоаспектный,2
многоблоковый,1
многовластие,2
многозаводский,3
многоколоночный,1
многокультурность,1
многомандатный,1
многомужество,1
многоплановость,1
многосвязный,1
многослойно,1
многоходовый,2
многоэтничность,1
мобилизовывать,1
моджахед,3
модибо,1
модлина,1
модульность,2
моеква,1
мозаичист,1
мозгопашец,1
молчалин,1
моментный,1
монетаризм,1
монетаристский,2
моногамный,4
моноидеология,3
монополь,2
монопрофильный,5
монороман,1
монотоварный,2
монохроматичность,2
монохромность,1
моноцентрический,1
моноэтнический,4
монтирование,1
монументализация,1
монументалист,1
моотн,2
мопроизвольный,1
морализатор,1
морализировать,1
мореактивный,1
морсби,1
мосол,1
мостиковый,2
моторизированный,1
моцартиански,1
моцность,1
мошность,1
мощыый,1
мперметр,1
мпл,1
мпогообразие,1
мсо,13
мстилец,1
мте,1
муа,2
мубарак,2
мужание,1
муиск,1
мукденский,1
мулироваться,1
мумбай,4
муници,1
мунья,1
мурадеть,3
мусагет,1
мусковит,1
мустамякнуть,1
мухн,2
мхта,2
мыслеемкий,1
мыслеемкость,1
мыслеобраз,1
мысовский,1
мышленность,1
мэйнард,1
мэйнора,1
мюгий,1
мюон,13
мюонный,6
мюрат,1
мясковский,1
наблюскорость,1
навливать,1
нагрузочный,2
надгосударственный,3
надиктовать,1
надкритический,1
надпартийный,1
надпечатка,1
надреализм,1
надсоновский,1
надэпохальный,1
назанский,6
назинаесть,1
назывательный,1
наиболыпить,1
наибольынуть,1
наименыть,1
наиоолей,1
наконечик,1
налаженность,1
намагничивать,8
нановоронка,1
нанодиск,1
нанокабель,1
наноприсадка,1
наночип,1
направлялеся,1
напря,2
напряженить,1
наптий,1
наркобизнес,2
наркомафия,1
наркотрафик,4
нарспать,1
наруптаться,1
наруптаять,1
нарымский,1
насера,2
насерый,3
насилушка,1
насильственность,2
настрять,1
наступание,1
наттема,1
натуралистичный,1
наугольник,1
науковедение,3
нац,1
нацио,1
национализироваться,3
националистически,3
националистическно,1
национальноосвободительный,1
неанглийский,1
неар,2
неариец,1
небезосновательный,1
небесничий,1
небользтой,1
небольтим,1
неверифицировать,1
невизуальный,1
невилла,1
невозобновляться,1
невосполнить,1
невоюющий,2
невстреча,4
невыдержанность,4
невыигрышный,1
невычислимый,7
негорбиться,2
негритюд,3
негритюдом,1
негроафриканский,1
недискриминация,1
недополучить,1
недопроизводство,1
недорасходовать,1
недружественно,2
недуманье,1
неевропеец,1
незаключение,1
незаходить,1
неидеологический,1
неискорененный,1
неисполниться,1
неиспользовавшийся,1
неиссыхаять,1
неистовость,1
неитрино,1
нейсбить,1
нейтринный,3
нейтро,1
неказак,1
некалендарный,1
неключевой,4
некнижный,1
некогерентный,7
неколлинеарный,1
некоммунист,1
некомпетентный,1
неконвертируемый,1
неконструктивность,1
неконструктивный,3
неконтрастный,1
неконфликтный,1
неконфуцианский,1
некрасивость,1
некрасовск,1
некритический,3
некрополь,1
немецкоязычный,1
немонохроматический,1
немонохроматичный,2
немтушкина,1
немужественный,1
ненаблюдать,2
ненаживина,1
ненастойчивый,1
ненность,1
необрабатываемый,1
неоклассический,1
неоконсервативиий,1
неоконсервативный,35
неоконсерватизм,19
неоконсерватор,12
неолиберализм,1
неомальтузианство,1
неомарксизм,3
неоправдаться,1
неопределенностыый,1
неопримитивист,2
неоптимальный,2
неореалиаическа,1
неореалист,1
неореалистический,2
неоромантик,1
неотбытый,1
неотделимость,1
неотпустить,1
неотрадиционализм,2
неофашизм,1
неофашистский,1
неохваченность,1
непериодичный,1
неплавность,1
неподтвержденный,1
неподцензурный,2
непознаваемость,1
непольский,1
неполяризованный,1
непонятость,1
непосетить,3
непотопляемость,1
неправомочный,1
неправославный,1
непреодоленный,1
непригладить,1
непричинение,1
непроводящий,3
непродуманность,1
непроизведенный,1
непролазье,1
непролетарский,2
непросмотренный,2
непроявиться,1
непроявленный,1
нептуний,9
непубличный,2
неработоспособность,3
неравноправие,2
неравносложный,1
неразжидить,1
неразложимость,1
неразмышляющий,2
неразрушающий,4
нерасовый,1
нераспавигийся,1
нераспавштийся,1
нераспасть,1
нераспределенный,1
нерастраченно,1
нереализованность,1
нереализуемый,1
нереалистический,2
нереалистичный,2
нереляционный,3
нерентабельность,1
нереформируемость,1
нерешаемый,1
неруда,1
несистема,2
несистематизированный,2
неслучиться,1
несоединимость,2
несокрушимость,1
несопоставимость,2
несоциалистический,1
нестро,1
несуществование,1
несферичность,1
нетарифный,3
нетепловой,1
нетипичность,1
нетленность,1
нетрадиционно,1
неувязка,1
неударяемый,1
неукоренить,1
неумех,1
неумышленность,1
неупорядочить,1
неупруго,1
неустроиство,1
неуточнять,1
нефальсифицированный,1
нефтеобрабатывать,1
нефтеобразование,1
нефтепромышленный,2
нефтеэкспортировать,1
нех,3
нецелевой,1
нецеленаправленный,1
нечной,1
неэкономичный,1
неэлектростатический,1
неэстетичный,1
неэффективныость,1
нибур,1
низкопоклонничество,1
низкоскоростной,3
низкотоварный,2
никсон,19
никсоном,1
нир,2
ниссан,1
нителя,1
ницшеанский,1
ницшеанство,1
нкао,1
нкрум,6
нобедительница,1
нобелий,1
новеллистический,2
новештиваться,1
новный,1
новопринять,1
новоселов,2
новоязыческий,1
новский,1
ногоу,1
ноименный,1
нойсом,1
номах,2
номенклатурный,2
нонконформист,1
ноосферный,1
норсить,1
нотариально,1
ноцрить,3
ночлежник,1
нпро,1
нрежде,1
нрп,1
нсоо,1
нсоос,2
нтегральный,1
нтие,1
нувель,1
нувый,1
нуклеосинтез,8
нуэвый,1
нфоюв,3
нэповский,3
нэшнл,1
оапек,1
оат,4
обваривать,1
обездоленность,1
обеззвучиться,1
обезличенность,1
обериуть,3
обеснпечивать,1
обетный,1
обещство,1
обжиреть,1
обжитость,1
обигирный,1
обледенение,1
обломный,1
облучаться,2
обманутость,1
обманчивость,2
обновитель,5
обобществить,3
ободняться,1
оболочечный,1
образовый,1
образотворчество,1
образуютцийся,1
обрацуаться,1
обрывочно,1
обтцество,1
обуржуазиться,1
обуславливаться,1
обусовершенствование,1
общеамериканский,1
общевоинский,1
общедемократический,5
общеплановый,1
общереспубликанский,1
общесоциумный,3
общефедеральный,2
общехозяйственный,3
общирный,1
объка,1
обыденщина,1
обьединение,1
обэриут,3
овальность,1
овзт,1
овить,1
овцеводческий,2
оги,1
огосударствить,1
огрубление,1
оддха,1
одемьянивание,1
одесситка,1
одига,1
одиннадцатиклассница,1
одновентиль,1
одноканальный,1
одноосный,1
однопартийность,1
однополупериодный,2
однополярный,3
однопризнаковый,3
односвязный,7
одностволка,1
однотипность,1
оеб,4
оег,1
оегха,1
оед,3
оез,4
оезб,1
оел,12
оелха,1
оео,2
оеода,1
озерок,1
ознобный,1
озонирование,1
ойзха,1
оказвшийся,1
оказывть,1
окапаться,1
океанографический,2
окинавский,2
окололитературный,1
околотеатральный,1
оконечный,1
октоих,1
октроирование,1
окуг,1
олигархическо,1
олок,1
омассовление,1
омеднение,2
омещаниться,2
онисывать,1
онколог,1
оологический,1
оооо,1
оорт,3
опеие,1
оперирование,1
описательство,1
опорочивание,1
оппенгейм,1
опредеугольный,1
опротестовывать,1
организовавануть,1
оризонтить,1
орландо,1
ормузский,2
орочон,1
ортографический,1
осадчего,1
осинушка,1
осиротить,1
осиянно,1
оскандалить,2
осмешить,1
особость,1
осоз,1
оссовский,1
оставалсить,1
остеклеть,1
остекловывать,2
остовный,4
остронаправленный,2
отδт,2
отат,6
отбрас,1
отвариваться,1
отест,6
отзовист,1
откататься,1
открепительный,1
отлавливаться,1
отладочный,2
отличительность,1
отмечаний,1
отреставрировать,1
отрзнуть,1
отрс,1
отрывочность,1
отселять,1
отсуствовать,1
отточка,1
отуплять,1
отчарить,3
отчисляться,1
отчуждающий,1
офйп,1
оформплей,1
оцифровывающий,2
очаговость,1
оэкранный,1
оявление,1
падавитий,1
падание,1
паддок,1
пазолинь,1
пакистанский,2
пальный,1
пангерманизм,1
панджаба,1
паникер,1
паниковский,5
папагос,2
параллактический,1
парамагнетизм,2
парамагнетик,21
парамагнитный,2
параметровить,1
параноидальный,1
паркур,1
парламентско,1
паросочетание,1
партаппарат,1
партизанщина,3
партийногосударственный,2
партология,1
парторганизация,3
партячейка,1
пасо,1
патетичный,1
паттерн,1
пауэрс,1
пацифистка,1
пацифистский,6
пацковский,1
пашковство,1
пба,1
пде,1
педагогически,1
пендерецкий,2
пенджабец,2
пенноморозный,1
перайуиза,1
перебив,1
переборный,1
перевалец,3
перевернутость,1
переворсп,1
перевоссоздание,1
перевыполнение,3
передислокация,1
передислоцировать,1
переизбирать,2
переизбыточный,1
перей,1
перекрыться,1
перемагничивание,4
перемагничивать,1
перемагничиваться,2
перенастройка,1
перенасыщенность,1
переопределение,1
переопределять,4
перепелица,1
переплатить,1
переполненность,1
перепрограммироваться,1
перераспределительный,1
перерегистрация,2
пересевать,5
пересотворение,2
пересотворить,2
перестроечный,2
перестукиваться,1
переустроитель,1
переформулировывать,1
перио,1
периодика,2
периферийность,1
перка,1
перлон,1
перонизм,3
перонист,1
перонистский,1
перпендик,1
персонажный,1
песенница,1
песняр,1
пессимистично,2
пессимистичный,1
пестицидный,1
петиционный,1
петрокоммуна,1
петролеум,1
петршина,1
печсимть,1
пештгоп,1
пешщтгпо,1
пза,2
пзл,1
пианизм,1
пикфорд,1
пилотажный,1
пинк,1
пистолзти,1
пиц,1
пкр,1
плавсредство,1
плагин,6
пламенник,1
планетезималь,16
планетыгигант,1
планковский,9
платиносинеродистый,1
платский,5
плг,1
плосковогнутый,1
плосковыпуклый,4
плоскополяризованный,4
плоцтадья,1
плх,2
плюралистичный,1
плясеять,1
победигель,1
победоносик,1
победоносность,1
поведаний,1
повествовательница,1
повсеградный,1
повсесердно,1
повторени,1
повторитель,3
повторность,1
повыплаяться,1
повыптаться,1
поглогцать,1
поглотивигия,1
поглошаться,1
погорельщина,2
погромщик,2
подавляюще,1
подахматовка,1
подвергититься,1
подграфик,11
подетальный,1
подкармливаться,1
подлетный,1
подмаксимка,1
подпитываться,1
подпоследовательность,1
подражательство,1
подсвойство,1
подсюсюкнуть,1
подфотосферный,1
подцензурный,2
поец,1
пожнивный,1
позиционировать,1
позэтом,1
поий,1
показуха,1
покинутость,2
покупательский,2
полаба,1
поланский,1
полевение,2
полемично,1
полетность,1
полиандрия,1
поливинилацетат,1
полигамия,2
полигамный,2
полигиния,1
полигональный,1
полиграфист,1
поликонфессиональный,1
поликультурный,1
полисетка,2
полистирольный,1
политграмота,1
политзаключенный,1
политизация,4
политизировать,5
политизироваться,1
политикокультурный,1
политологический,1
полихлорвинил,1
полицентрический,1
полицентричный,2
полиэтнический,1
поллка,2
полнокровность,1
полноцветный,1
полошить,1
полуабстрактный,1
полубезработный,1
полузнайство,1
полуимпериал,1
полуинтеллигентность,1
полуквалифицировать,3
полуобгорелый,1
полупериод,6
полупериферия,3
полуповтор,1
полупровод,1
полупроводнико,1
полуптарий,1
полусахалинский,1
полусирота,1
полутайный,1
полутоварный,2
полутоновый,7
полуторамесячный,2
полуторатонный,1
полуце,1
полуцелый,23
полуцилиндр,6
полуширина,2
поляризо,1
поляроид,6
помехозащищенность,1
понтификат,1
попл,1
поправеть,1
поптык,1
популяризоваться,1
популярить,1
попустительский,2
пораженческий,3
пореволюционный,1
порожистость,1
портфельный,1
порционалъич,1
порционально,1
последипломный,1
последования,1
послеоккупационный,1
послеперестроечный,1
послесталинский,1
послушность,1
посредничать,1
постарение,4
постиндустриализм,2
постколониальный,3
постмодернизм,12
постмодернист,2
постмодернистский,2
пострелка,1
постсоциалистический,1
постунление,1
поступилва,1
потемкинец,1
потенциометр,1
потерна,1
потреблениия,1
поцокивать,1
пошалевать,4
поэз,3
поэзоантракт,1
поэтапность,2
ппирокий,1
ппровозгласить,1
праведнический,1
правильност,1
правительс,1
правожительство,1
правосубъектность,1
правоцентристский,1
прагматично,1
прапамять,1
превентивный,2
преврашаться,1
превынтать,1
превыпать,1
превыптать,5
превытать,1
превыттать,1
превышаться,1
превыштать,2
предвозвестить,1
предельность,1
предествуть,1
предкризисный,4
предпарламент,1
предпенсионный,1
предпросмотр,1
предпрпятие,1
председаншть,1
предсъездовский,1
преподнесение,1
препохабие,1
препринимательский,1
препступление,1
препятетвие,1
пресность,1
преференциальный,2
приватизационный,4
привесок,1
приготовля,1
приднестровский,3
приемлемость,1
призменный,1
примак,4
примиренность,1
примитивизация,1
приниципа,1
принстон,1
принциип,1
приодновременный,1
приозерье,1
приост,1
припиматель,1
присельник,1
прих,2
прихватизировать,1
приходяшийся,1
проамериканский,6
пробойный,2
провождаться,1
провокатор,5
прогитлеровский,1
проднародовоз,1
проедание,1
прозаизм,2
прозападный,9
произоптло,1
проиллюстрить,1
проиндексировать,1
проинтегрировать,1
прокапиталистический,1
проквантовать,1
проквасить,2
прокламироваться,1
пролетевитый,1
промарксистский,2
промежуточность,1
промоделировать,2
пропавшми,1
проперестроечный,1
пропорииональный,1
проправительственный,4
проранжировать,1
прорусски,1
проскур,1
просмотрщик,2
просоветский,16
просперити,3
просторечность,1
пространение,1
пространетва,1
протактиний,1
противоракета,1
противофаза,2
протоннонейтронный,1
протоно,1
протонпротонный,2
протопланета,8
прототипический,1
проть,1
профессионализация,1
професье,1
профориентационный,1
профранцузски,1
профцентр,3
прошедитий,1
прсо,1
пруя,1
пршшмаяться,1
пряженность,1
псевдогосударственный,1
псевдокласс,5
псевдоклассический,1
псевдонебо,1
псевдописатель,1
псевдополиномиальный,1
псевдоспектакль,1
псевдотворчество,1
псевдочертеж,1
психоделика,1
психотерапевтический,1
псн,1
псо,1
псуществляться,1
псхиологический,1
птаг,1
птара,4
птарик,3
птарообразный,1
птирота,1
птнур,1
пуассоновский,1
публицистичный,1
пугами,1
пулитцеровский,1
пусанский,1
пустодушие,1
пустодушный,1
пустышка,1
путчист,3
пушк,1
пушкинота,1
пхб,1
пшемысль,1
пшибышевский,1
пшх,1
пылинкина,1
пьезопластинка,1
пьп,1
пьъезогромкоговоритель,1
пья,1
пэнхуледао,1
пяпить,1
пятивалентный,2
пятизвездочный,1
пятилетнп,1
пятиречие,1
пятицарствие,1
пятиэтажка,4
пятсом,1
рабемникнуть,1
рабин,2
работаюцтие,1
равностопность,1
равноударность,1
рагепдирин,1
радек,1
радикализировавшийся,1
радикальность,3
радиоактив,3
радиоантенна,1
радиовешание,1
радиоволнгенератор,1
радиоволновый,1
радиогалактика,2
радиодь,1
радиозвезда,1
радиоисточник,2
радиолюбитель,1
радионаблюдение,1
радиопостановка,1
радиоприем,2
радиорелейный,2
радиорепортаж,1
радиоселекция,1
радиоспектральный,1
радиотелемеханика,1
радиотелесконовый,1
радиотрансляционный,1
радиоцентр,1
радко,1
радовец,1
радовецкий,2
радомысльский,1
радоприемник,1
разбазаривание,1
разбалованность,1
разведслужба,1
разворовываться,1
разгерметизировать,2
разгильдяйство,1
разданский,1
раздаривание,1
раззора,1
разинщина,1
разливание,1
различмча,1
размагнитить,1
размагничивание,6
размножитель,1
разномасштабный,1
разномыслящий,1
разноска,1
разнотыка,1
разноуровневый,1
разрептить,1
разрешимость,3
разукрупнение,1
райга,1
ракетоносец,1
ралактик,1
ралвертывание,1
раллельный,1
рамсеять,1
рапповский,2
рапповца,2
раситирение,2
расколотость,2
раскулачивать,1
раскулачиваться,1
расогенез,1
распаковываться,1
распечататься,1
распиряющийся,1
распитирение,1
расплывчивость,1
расползание,1
распростирать,1
расптирение,1
расптиряться,1
расптифровка,1
рассеивающщий,1
рассжатие,1
рассредоточение,2
растаман,1
расточение,2
растрирование,1
расформирование,2
расценивание,1
ратчин,1
рационализировать,1
рационалистичный,1
рво,1
ргофоз,1
рддр,1
ребитель,1
ревзаповедник,1
ревизионист,1
революцион,1
ревплаксивый,1
ревый,1
регистрирование,1
регистрисчетчик,1
регрессия,1
редингский,1
режать,1
резервироваться,3
резерфордий,1
реинвестиция,1
реиндустриализация,1
рейв,1
рейганомика,2
рейзть,1
рейхсвер,1
рейхсверка,1
рейхсмарка,1
реконструироваться,2
рекрутирование,2
рекрутировать,2
релиз,1
релятивист,1
ремизовский,1
ремилитаризация,2
реминисценция,3
рендер,5
реорганизовывать,1
репарационный,6
репресия,1
репрессиия,1
рептиться,1
республиканско,1
реструктуризация,3
ресурсоемкий,1
ресурсозатратный,1
ресурсообеспечение,1
ретаять,1
ретрансляционный,2
ретрансляция,1
ретроспектива,1
реформистски,1
реход,1
рецессия,1
речетворчество,1
решатель,3
рещетка,1
рибок,1
ризонт,1
ризонталь,1
рикардианский,1
ринго,1
рисковой,1
ритмизированный,1
рияда,3
рмах,7
ровенский,1
родительство,1
родовспоможение,1
розеншток,1
рокер,3
романность,2
романтико,1
роммелить,5
роммолоть,1
роро,1
росселинь,1
россетти,1
ротация,2
роуркбыть,1
роцесс,1
роять,1
рси,1
рудзутак,1
рузвельтовский,1
рукавишник,1
рутизатор,1
руть,1
рухолл,1
руцкой,8
ручин,1
рушдить,1
рыбоохрана,1
рывкина,1
рыкалин,1
рыночник,1
рьр,1
рьь,1
рэнд,1
рэпер,1
рюшина,2
сагатовский,1
садат,2
сайпан,1
салинос,1
салуин,1
сальеризм,1
самиздатовский,1
самовитой,4
самовыдвиженец,1
самогоноварение,1
самозахват,1
самоизменение,1
самолето,1
самонасмешка,1
самообучаться,1
самообъяснение,4
самоорганизованность,1
самоповторение,1
самопогружение,1
самоподдерживать,1
самопонимание,1
самопостижение,1
самопредписание,1
самоприказ,1
самоприменимость,2
самопровоз,1
самопрограммирование,1
самораспускаться,1
самосозидание,5
самоспасение,1
самостановление,2
самоубийственный,1
самоунижение,1
самоуничтожающийся,1
самоупрек,1
самохарактеристика,2
самоцензура,1
сандинистский,1
сарагоса,1
сардановский,1
саркамышский,1
сарос,2
сарторис,1
саръян,1
сатириконовец,1
сатириконство,1
сатьяграха,1
сахельский,1
саь,1
саюдп,1
сбочить,1
свгк,4
свдп,2
сверхбедный,1
сверхбытовой,1
сверхгосударство,1
сверхдлинный,1
сверхдолжный,1
сверхиндивидуальный,1
сверхинтенсивный,1
сверхискусство,1
сверхконцентрация,1
сверхлевый,1
сверхмалый,1
сверхмир,4
сверхмонополизация,1
сверхнациональный,1
сверхплотный,2
сверхпотребление,2
сверхпредательство,1
сверхразрушительный,1
сверхреализм,2
сверхреальность,2
сверхреальный,1
сверхсвободный,1
сверхстабильный,1
сверхтвердый,1
сверхусталость,1
светолокатор,3
светоритм,1
светослужение,2
светски,1
свинарка,1
своевольность,1
свьк,2
сгенерировать,3
сгий,1
сдерживания,1
сдлить,1
североамериканец,2
северовьетнамский,1
северокореец,3
северокорейский,9
седиментировать,1
секстина,1
секторальный,3
секуритат,1
селитьба,1
сельхозналог,2
сельхозпредприятие,1
сельхозпродукты,1
семех,1
семидесятилетие,1
семипроцентный,1
семитско,2
семихолмие,1
середидда,1
серийно,2
сеточный,33
сецессион,1
сецессия,1
сечься,1
сибатомный,1
сиборгия,1
сидура,1
сиио,1
сикейроса,1
симальный,1
символисга,1
сименс,1
симка,1
симоняк,2
симпатичность,1
симптоматичный,1
синдо,1
синфазный,1
синхайский,1
синхрофазотрон,2
синьхая,1
синьцзян,1
сионист,4
сионистский,2
сис,1
ситета,1
ситройня,3
сифилитик,1
сиш,1
сказчик,1
скандинавско,1
сквадрист,1
скинхед,1
скинхеда,1
скоблин,1
скобочный,3
сконцентрированность,1
сконцентрированый,1
скопчество,1
скоролета,1
скорох,1
скорсез,1
слабоурбанизированный,2
слагания,1
слащавость,1
следопытство,2
слезкина,1
словословие,1
словотворческий,1
слоевой,1
слыптать,1
сматривать,1
сматриваться,1
смехач,1
смещцаться,1
смиь,1
снегинский,1
снежеть,1
снеска,2
сновен,1
соблазнение,1
собф,1
собый,1
соверитать,3
соверитить,1
соверптать,1
совертаять,1
советизация,6
совзф,1
совпад,2
совха,1
соглашательский,1
соглашательство,1
согосударственный,1
согражданство,5
соех,1
созасо,1
созб,3
созбау,1
созбха,2
созбхсозха,1
созгха,1
созерцавель,1
соззасоз,1
соззха,3
соззхсозхб,1
созлый,1
созп,1
созср,1
созсха,1
созф,12
созха,49
созхб,2
созюоф,2
соколинец,1
сокращательный,1
сокровенность,1
солан,1
солголубой,1
солженицин,1
солидаризироваться,1
солна,1
солнечность,1
солнцеветь,1
солнценосец,1
соловьевский,1
соловьиность,1
соломснец,1
сомнительность,1
сонай,1
сонаправленный,1
сонгть,1
сонористика,2
сонротивление,1
сообтцать,1
соокто,1
соответетвовать,1
сописание,1
сопрань,1
сопротивленить,1
соревновательность,4
сорокапятилетие,1
состыковаться,1
сотрудня,1
соу,24
соучаствовать,1
соц,2
соцзащита,1
социалдемократический,1
социалдемократия,1
социализатор,1
социализированность,1
социализировать,1
социоэкономический,1
соцлагерь,3
соцстрана,4
сою,1
спаатсом,1
спгоша,1
спекох,1
спектралить,1
спецпитание,1
спиновый,10
списочный,2
спичрайтер,1
сплайн,1
сплошный,1
спонсорство,1
спринт,1
средидневный,1
средиетехнологический,1
средневосточный,1
среднегерманский,1
среднескоростной,1
срочник,1
ссоя,1
ссылочный,4
стадиальный,1
сталиали,1
сталкер,1
станционарный,1
старобарский,1
стародеревенский,1
стартап,1
стат,1
стдп,1
стейнберг,1
стейтс,2
стем,1
степуна,2
стецкий,1
стиляга,3
стиракс,2
стк,1
стозначный,1
стоковский,2
столбча,1
стоунза,1
сточник,1
стражница,1
страневый,1
страновой,1
страшилка,1
стрек,1
строс,1
строчечный,1
строчн,1
струение,2
структурироваться,1
стур,1
стыковать,1
стэндфордский,1
стэнфорд,3
стяжательский,1
стяжение,1
суа,2
субатомный,1
сублимироваться,1
субрегион,2
субрегиональный,1
субсахарский,3
субсидиарность,1
субсидирование,2
субурбанизация,4
субформа,12
субэлементарный,2
суггестивный,1
судейкипа,1
судьбинушка,1
султанистый,1
сульфазол,1
сульфатный,1
сунка,1
супергалактика,1
супергравитация,2
супердержава,4
супердыра,1
супермассивный,1
суперсимметрия,2
супрематизм,3
супремуса,1
суриковец,1
суриковый,1
сустить,1
сухов,1
сухотинк,1
сучанский,1
сущбыть,1
сфальсифицировать,2
сферич,1
схалтурить,1
схз,1
схлрх,1
сценичность,3
сцинтилляционой,1
счетч,1
считавититься,1
сщсоос,1
сытинец,1
сыченый,1
сэйюкай,1
сэлинджер,2
сэмплов,1
сюжетик,1
сюрреалистический,5
сюрреальность,1
сяопин,5
табуировать,1
тавный,1
тагга,1
тадао,5
таенной,1
тайваньский,1
тайнописец,1
тайфуноопасный,1
тактик,1
талыш,1
тамаулипас,1
тамиздата,4
тамильский,2
тамра,1
танца,1
танцзал,1
таонной,2
таонный,1
таормина,1
таунсом,1
тауншип,1
творян,1
творянина,1
тгееть,2
тгей,6
тгоха,1
тгр,1
тевье,1
теддер,1
текеш,2
текстурирование,2
телевещательный,2
телевидени,1
телезависимость,1
телекс,1
телемеханика,1
телеопрос,1
телеочерк,1
телепросмотр,1
телерадиокоммуникация,1
телерадиоцентр,1
телетехнология,1
тельственный,1
темпельхоф,1
темпераментность,1
теневизация,1
теневика,1
тенловый,1
тенциал,2
теософский,1
теплообеспеченность,2
терагерцевой,2
терагерцевый,1
термобатарея,1
термореактопласт,3
термоэлектронный,12
термоядерзываться,1
термоядро,1
терновский,1
террасировать,1
тесняк,1
тетраптихнуть,2
техноемкий,1
технократизм,1
техноструктура,1
тззтх,1
тивление,1
тийский,1
тикальна,1
тимбилдинг,1
тинэйджер,1
типологизация,2
типологически,1
тиражируемость,1
тиражность,1
тироваться,1
титритий,1
тихоокеанско,1
тихоходность,1
тица,2
тициановый,1
ткеура,2
ткр,1
ткумент,1
тлг,1
тмах,7
тметить,3
тобэкко,1
товаро,1
тодора,2
тодоровский,1
толкиенист,1
толпенник,2
толстослойный,2
томасовский,1
тонга,1
тонкинский,3
тонкодисперсный,1
тонно,1
тоновый,1
тополевка,1
тополевский,1
топырить,1
торстен,1
тосканинить,1
тотально,1
точноевропейский,1
тпракт,1
травополье,1
трагикомичный,1
трана,1
транзакция,12
транзисторный,2
транзитер,1
трансамазонский,2
трансевр,1
трансляционный,1
трансмиссивный,1
транснационализация,1
транспарентный,2
транспортабельность,1
транстортной,1
трансурановый,5
трансферт,2
трансформационный,1
трассман,1
трегцин,1
треплева,1
третьеиюньский,2
трехочковый,3
трехэлектродный,1
триальный,1
тридцатплетный,1
тризония,1
триод,7
триолет,2
трическа,1
троиться,1
троля,1
тропическзчо,1
троскоп,1
тротиловый,2
троцкистский,2
троцкистско,1
трт,1
трудноуязвимый,1
трудоинтенсивность,1
трудоинтенсивный,1
трудоустраивать,1
трупарень,1
трухильо,1
трюковый,1
тскай,1
тский,1
тснесквоха,1
тсомвовоха,2
ттг,2
ттонех,10
тугановский,1
тумбаюмба,1
туральный,1
туретчина,1
тусклость,1
тцар,2
тысячелист,1
тысячелистый,1
тьсила,1
тьюринг,2
тэгам,1
тэгами,1
тэгу,2
тэйлор,2
тэтчеризм,2
тяжелоступ,1
тяньаньмэнь,1
тяньцзинь,3
убегание,2
убеганий,1
уджамаа,1
удочерять,1
ужево,1
узбекско,1
узкопрофессиональный,1
узрить,1
узх,1
уизлучение,1
уитстон,3
уить,1
уйльтинец,1
укв,2
укг,1
укорений,1
украшательский,1
укрупниться,1
ультраконсервативный,2
уменышение,1
уменьптаться,2
умопостигаемый,1
умышленность,1
универсариум,1
уническа,1
уолис,1
уолл,1
уольт,1
уорлд,1
уорхолл,2
уоршелл,5
уотергейтский,1
упаднический,1
упадочничество,1
упертость,1
уплотнениять,1
управляемость,1
упреждающий,10
упроститель,1
уравниловка,2
уравнительность,1
ураз,1
уразуметься,2
уранейтрон,1
урбанистический,3
урезаться,1
уроанизация,1
ускорени,1
усоверщенствование,1
усраствор,1
усредненность,1
устаревание,3
устность,1
устройетво,1
утекание,1
утешительство,2
утотт,1
утробность,2
утроитель,2
ухаегха,1
ухр,1
ухрх,1
уцз,1
участиица,1
ушагать,1
ушердить,1
ушьха,1
ущемленность,2
фабианский,2
фавел,9
файлооб,1
факторный,1
фалангист,1
фалькенхайн,1
фантазирование,1
фантасмагорический,2
фантастка,1
фарбениндустрить,1
фашизация,1
федералистский,2
фейный,1
фельетонистка,1
феминизм,3
феминистка,1
ферлингетти,1
фермион,54
фермиый,1
ферритовый,1
ферромагнетик,63
ферхюльст,2
фибрино,1
фиеста,2
физиологичность,1
фиксаж,1
филадельфийский,3
финагент,2
фитосанитарный,1
фитральный,1
флеровый,1
флойд,7
флойда,1
флуктуировать,1
флуоресценция,1
флюоресцеин,1
флюоресцин,1
фовизм,1
фольклоризация,1
фольксваген,5
фондоотдача,1
фоническа,1
формотворчество,1
форсированный,1
фотографизм,3
фотодиод,4
фотозлемент,1
фотолюминесценция,7
фотообъектив,1
фотореалистичный,3
фотосалон,1
фототелеграф,3
фототок,16
фототон,1
фотоэдс,2
фотоэзлемент,1
фотоэлектрон,27
фотоэлектроно,1
фрапщгсский,1
фращисский,1
фриесс,1
фтеготь,1
фукусимский,1
фукцировать,2
фундаменталист,6
фундаменталистский,3
функционалист,1
функционалистский,1
фуноволуние,1
футлярность,2
фюрерство,2
хагерстранд,3
хазареец,1
хамитской,1
хамфри,3
ханец,2
ханжонок,1
харизма,1
харрингтон,1
харталовый,1
хассия,1
хворобей,1
хгрг,1
хель,1
хельсинкий,1
хемилюминесценция,3
хепенинга,1
хеппи,1
херманный,1
хесболл,1
хехст,1
хиндустанец,2
хип,1
хлка,1
хлх,1
хлхий,1
хмного,1
хнтм,9
ходжер,1
холдинговый,2
хомейня,1
хонеккер,3
хоннекер,5
хоропо,1
хороптый,1
хпрп,1
храмолин,1
храна,1
храняться,1
христанско,1
христарадничать,1
хромит,6
хромодинамика,2
хрущевка,4
хрущоба,2
хсать,1
хсоз,2
хсоззхб,2
хуацяо,1
хуг,2
художинки,3
хуй,1
хукий,1
хулиганье,1
хустисиалистский,1
хут,4
хууха,1
ххп,1
хху,1
ххуга,1
хьюстонский,1
хэмминг,8
цакнуть,2
цветаевск,1
цветонейтральный,6
цедиться,1
целена,1
целный,1
целокова,1
целочисленность,1
целтаб,3
цементирование,1
центрист,1
цецилиенхоф,1
цзыяп,1
цианистоводородный,1
цивилизаторский,1
циковы,1
циллиарна,5
циллиарный,1
циничность,1
ципф,10
цитатность,1
цорфг,1
чакуш,1
чаморро,1
чанкайшистский,1
чаплином,1
частицаа,1
частнопрактикующий,1
чаушеска,9
чеболь,1
чеборец,1
чево,1
чедвикома,2
человекавоин,1
человекоубийственный,1
чемена,1
череменный,1
черноземовидный,1
чернокнижница,1
чернокосынький,1
чернорубашечник,2
черносотенство,1
четночетный,1
четырехсторонний,2
четырехчастный,2
четырнадцатизначный,1
чжуан,1
чзык,1
чикилять,1
чингизхань,1
чодеяло,1
чопог,1
чтоо,1
чубарь,1
чудра,3
чуждость,2
чужовый,1
чуковщина,2
чьяпас,1
шавинский,1
шантажист,1
шаньдунский,2
шарахать,1
шаржировать,1
шахипеза,1
шахматовый,2
шезо,1
шейдер,4
шелепин,2
шелл,2
шелъ,1
шельза,1
шенген,2
шепать,1
шесться,1
шетка,1
шеффл,4
шешковы,2
шзх,1
шилейковский,1
шипстейшн,1
широкодоступный,1
шлемонос,1
шлиффеп,1
шлягер,1
шовинистски,1
шопомания,1
шполянский,1
шпфд,1
шриффер,1
штреземанн,2
штырь,4
шулерский,1
шумнуть,1
шунт,13
шунтирование,1
шэм,3
щавинский,3
ься,1
ьуьр,1
эам,2
эверот,1
эволюционирование,1
эвфония,1
эгалитаризм,1
эдэс,3
эзотерический,1
эзт,1
эйркрафт,1
экасилициум,1
экзистенциализм,8
экзистенциалист,2
экзистенция,1
экзотичный,1
экистический,7
эклектический,1
эклектичный,1
эконоическай,1
экпрессио,1
эксон,1
экспансионизм,1
экспертность,1
эксплуататорский,1
экспозиционный,1
экспортирование,1
экспортность,1
экспорто,1
экспрессионист,2
экспроприировать,2
экспроприироваться,1
экстенсивность,2
экстрасоциетальное,1
экстрасоциетальный,2
экстремум,6
экстренно,1
эксцентрик,1
эксцентриситет,3
экуменический,1
эласа,8
элекз,1
электереть,1
электровакуумный,1
электровспышка,1
электрогитара,1
электродвижущий,9
электроконцерн,1
электролюминесценция,4
электронейт,1
электронновычислительный,1
электроно,2
электропромышленность,2
элементоорганический,1
элизабет,1
элитарность,1
эллиптич,1
эльфочко,1
эмиграционный,2
эмиттер,34
эмиттерн,3
эмиттерный,2
эмпайра,1
эмпатия,1
эндокринология,1
энергииэлектромагпитный,1
энергичность,1
энергоблок,3
энерговыделение,1
энергодобывать,1
энергообмен,3
энергораспределение,2
энергоресурсьт,1
эпатажный,3
эпатировать,6
эпка,1
эруптивный,1
эскадренный,2
эскортный,1
эстетизировать,1
эстонка,1
этногосударственный,1
этноконфессиональный,4
этнократия,1
этнонационализм,2
этнонация,1
этнополитика,1
этный,2
эуы,1
эфемерность,2
эффель,1
эффициент,2
эффка,1
эхоэнцефалография,1
эшелонный,1
эшпай,1
юах,1
югенд,1
югрост,1
югуров,1
южноафриканец,1
южновьетнамец,1
южновьетнамский,8
южнокореец,3
южнокорейский,5
юли,1
юмжда,1
юнидо,1
юнктад,2
юрятина,1
ючаять,1
явлалася,1
ядериий,1
ядерпеть,1
ядерпый,2
ядр,1
ямс,4
янгель,2
янгон,1
ярмол,1
ярмола,1
ярузельский,3
ярыга,1
ясеновац,1
